30755
18200
11057
30317
11984
30034
22778
13802
16140
23747
19836
32296
587
5979
2037
10807
7405
22347
21475
29042
23407
8042
12242
771
28643
23255
5746
31402
9117
6112
24044
4794
20784
27171
8566
14180
15001
14323
26918
24375
4025
30462
1027
19688
14601
7212
18530
7759
14985
17098
11888
19635
17145
20199
30987
583
15180
3838
24790
26868
27226
8406
30092
22105
213
7591
10644
30993
8574
20862
15318
27444
14744
482
29646
20000
15773
1976
25566
21369
7729
16484
9705
22382
2388
6705
17949
28734
19419
16371
20496
5883
26401
10219
12815
19855
12026
2538
27315
26108
1000
185
13492
20200
32146
23225
9474
2392
6513
24007
28434
11196
16845
610
17270
5676
16616
27152
31921
15345
29817
5373
3657
9799
21851
6886
27166
5217
10119
27445
20473
23726
26176
22638
15208
29531
16525
29385
25546
14873
14828
30241
678
32032
17221
20236
21569
16755
24605
31564
1647
18534
11276
18790
2473
27742
21617
15248
30816
15065
23140
4560
2193
28590
12524
16227
15258
13717
2930
20316
16460
20457
28790
31885
15169
4525
25729
170
26991
17870
16731
24236
20734
27815
3453
11380
29783
29386
26569
8113
15230
17662
23417
25091
1953
25988
12374
28769
9457
26271
2858
2488
3760
28243
29303
28884
14731
10092
2921
1412
22571
17346
8970
30969
19975
29628
22453
8560
17532
30483
30413
12561
5663
10968
25262
21526
1106
14521
5348
31279
27413
19328
4252
20261
26399
27868
22871
9918
8750
28772
16870
24546
14747
4057
10130
763
29489
7339
28059
8098
13375
27327
19684
11639
28396
22640
19436
29776
31179
6100
29440
16279
1455
7488
4271
24813
9665
22286
8831
17939
7631
4765
13790
9739
27367
12954
21851
2426
14885
6782
22038
12881
16841
29528
6517
9900
12428
11725
5913
25339
10037
25949
17169
30559
28775
2280
9293
5207
27325
27760
12117
19099
22809
10272
14651
584
3384
26765
5837
27966
8330
5181
15376
30918
12097
27238
28650
633
18856
32503
26655
21597
4023
14300
24959
11344
10980
12158
2141
21162
6715
8330
17730
1054
1201
16116
16867
13025
1462
8763
14929
25358
10249
9454
28272
9802
720
23919
18346
31396
11496
5111
1764
4286
31354
23002
3761
15666
14543
9741
7622
6447
23653
6885
3503
5731
21826
22817
27072
2590
32136
1067
29261
29620
22090
23451
24606
547
1694
3581
31773
7413
20723
10452
24402
29800
29349
18911
28433
23757
8655
30106
26994
31022
7521
14088
5634
31027
882
27824
28344
28230
25047
26341
21803
31734
13556
15179
10241
26521
18642
29079
19627
19254
12402
28054
336
28578
18273
14961
2822
4584
29069
6959
5192
6126
3415
1147
20389
30806
19433
25512
12981
22947
25546
22258
23889
11421
20911
15111
259
17910
7061
12742
23740
15149
18956
1606
8389
1715
3030
4634
20216
14157
14256
2003
27440
11961
8304
18119
4094
13204
28496
7185
15262
23163
30858
5337
26921
2673
15909
17878
18955
8320
5390
11280
13240
30371
8298
2795
5531
20964
5931
27489
2895
31682
2017
8335
24338
2773
3795
30067
4215
7861
12879
26612
13147
4887
22846
5410
15129
28217
4091
15040
1538
3713
3942
29184
15623
23393
14900
1933
23481
32125
1161
5326
29812
25104
31176
15978
1238
3467
21674
15367
28278
384
23949
3416
26579
14783
783
86
31115
1215
24796
27853
23502
15167
10436
18715
18449
6956
8721
31796
4871
18886
13079
4330
8909
16639
10508
11884
5477
11299
12826
31244
11109
30654
15795
17989
19184
6331
14117
13052
12006
20169
20078
8966
5720
26115
17233
10987
2111
15311
26281
23785
32621
2822
17918
5692
4803
17238
13654
12701
28069
28645
11085
17161
11435
28983
9064
16579
29337
3666
31399
15772
18834
8480
31321
6258
9352
25108
1332
17655
5367
5904
6821
4531
2259
10631
9317
3917
9407
26591
16973
32006
3711
30233
2155
24198
15280
12723
25429
7899
6326
3277
5821
25791
7159
9356
2630
31769
6471
5820
22678
30919
27042
23225
21677
30363
15137
8591
31093
6819
7463
352
30618
14766
7387
28678
21915
18443
1500
20730
22050
30356
6960
6772
6289
8428
23677
21972
10205
28932
11131
32577
27551
23524
26025
2192
12136
23464
17983
871
13397
2760
9316
13986
228
1181
24994
8949
25350
12065
7319
15059
22646
20983
31725
20879
20808
7851
9612
1474
197
3642
13837
10988
12406
14293
19570
30302
18815
1250
32277
29527
2095
26180
18143
621
3540
28380
18874
26670
17620
30543
30025
12040
19193
12042
24790
24678
22029
16004
30092
22812
18087
24259
14310
15621
23876
2594
17767
19946
17817
10833
23180
10662
27688
26525
29951
13192
21010
32114
26125
11513
21292
14366
26970
16735
4692
32727
5075
2369
6
5376
12005
18603
12074
25000
21484
27860
27696
1108
23535
3326
19039
30718
30602
29342
7018
32093
811
27837
1349
10599
27522
29342
10806
15637
13874
22945
5935
10854
717
8807
27739
27302
6143
8503
29687
2544
20745
1440
7011
3058
32625
1376
633
3568
5368
11909
5405
18955
10701
9426
25365
24516
13056
20068
10780
1468
32057
13206
17969
2237
16298
5665
31797
15358
23362
904
21173
16035
6692
26291
27909
14980
855
23769
7310
47
5823
20900
7272
9264
1356
9872
11052
400
14705
27029
30467
17819
17368
24325
4099
26854
84
25271
21692
14737
1815
25701
3341
23242
15909
851
10045
23954
7944
3377
19270
22212
1221
25667
14452
5715
5648
4287
8495
25555
8124
375
30997
25659
29557
16311
26957
3305
7857
6769
24343
18406
3556
3223
26791
11628
28659
25289
21555
30373
28140
25648
17739
3510
2804
682
13417
24316
16513
22055
3273
20373
10953
26451
23674
32035
22906
3445
19126
10956
6315
25494
18543
32646
17938
6375
12074
31121
1656
8285
16912
15172
28523
926
17730
5389
31027
23840
8046
28852
19719
15759
14752
479
17280
112
4442
24539
10061
21509
12518
27801
4137
30832
491
11511
27146
31258
11839
30273
31899
27478
764
5368
1773
24898
2518
20690
17257
14318
19627
29185
26634
25025
30556
11192
30409
17944
19420
4076
29272
29487
7302
28760
19218
10053
16564
20675
6195
29947
14221
20101
28996
1790
27934
8520
31706
18149
21933
6412
384
27485
21321
15726
8690
12675
6566
29225
30092
17809
1064
17629
13313
7869
4670
18447
13136
21086
32241
8049
21236
8785
8381
8548
10075
19099
6815
12732
31130
21071
28527
14787
28511
25523
3696
24960
28455
28574
30758
28217
5297
8228
30311
27190
18866
24181
6837
31176
22218
28675
30411
394
183
28387
17270
487
1481
8566
27046
19420
3989
30024
8645
29439
27886
8504
7495
8385
10257
13018
28291
11504
19744
2841
8897
8064
29906
3617
17044
32650
26472
2684
11370
5013
27619
7034
32097
30485
6004
2775
31836
10545
12596
30104
15191
30921
32277
14390
25335
29112
2328
26110
23653
12118
15297
20408
19805
14401
23241
23943
6786
18270
15122
16400
25589
9754
17120
15582
12325
31734
2885
6661
14569
14146
13789
27910
3788
29480
19132
20723
1703
32493
12965
18388
9590
27252
8572
19272
32356
15364
1278
20592
14120
13130
19376
17160
9876
15778
6165
15319
16747
32658
13348
30282
18804
6039
22777
18780
29388
32293
7883
10168
29568
9961
10526
27426
12635
18257
25402
28435
509
26190
24795
16035
12589
6489
14122
22956
16753
4788
25068
21805
6875
25842
2298
23276
7205
8121
14833
19552
16897
10695
27178
3277
22698
31795
21741
14001
27583
8949
2529
16479
26705
9897
16327
21482
9531
17296
16232
24132
17841
4568
31436
6567
10780
797
9389
5940
25381
22831
23595
3035
23312
31254
16578
25722
10572
17747
632
25929
17480
20073
16987
22645
1416
8348
22314
4107
13303
28665
19027
16152
2175
23446
8477
28175
24791
9499
17959
3690
5276
385
10001
29076
8356
26394
23161
9991
7311
31954
25129
1457
11934
3764
23950
25757
29129
11184
16493
18127
523
20635
25041
32368
8961
17527
30536
2859
13491
2549
20558
14294
27314
2616
26122
15189
31075
23772
4920
24763
11674
20791
2151
31411
8810
7390
20580
9759
2364
21355
30966
8190
14367
2942
13259
12947
29279
21762
947
32196
8025
25778
18956
7872
25485
6363
18557
31460
20469
15203
27368
12768
7062
9482
28057
31509
6996
9712
13252
29250
27658
22360
25134
5984
730
15019
4650
1482
6082
18880
12487
9889
7792
23642
24136
25199
16728
1778
25044
5642
4867
22199
1391
20156
27050
3796
28201
4512
6403
19185
17557
12879
32347
11004
16765
31932
4837
27689
29396
13917
30802
4919
19692
14988
13217
3062
23530
13868
2617
25094
10614
18063
13621
30433
10935
32663
24319
22811
19070
7452
7968
8425
25537
25486
26710
30177
16460
29660
7399
8704
28595
5780
15670
22001
2699
16971
25748
652
13785
24895
2136
27550
31435
6715
11570
22504
18086
8379
1724
618
9984
20561
13650
12513
5679
5959
5668
5006
27649
29830
22921
21049
18094
3254
21399
27254
10
6823
15088
17191
767
16112
18910
6466
5435
29398
30115
10708
26918
8815
12298
15686
3095
12807
26434
30687
1223
29378
14316
5003
13830
19075
1395
26331
22956
4877
27804
23884
10195
29800
17502
17612
32323
16007
8435
5242
7214
1575
3375
4270
17950
2298
28177
28729
26155
7429
17560
26350
31857
12102
16855
14689
29633
5531
24908
15854
11927
14303
32110
28413
24652
21590
4741
29317
1677
25419
9150
15055
5900
24055
30335
9341
13685
27813
6136
13770
1444
16404
24827
25363
28181
6685
27661
31895
24220
18837
12733
10619
28502
7541
16180
5137
27615
4920
15118
11097
7877
17541
11368
7624
28989
22542
14394
29001
13077
31160
18664
23682
7914
7676
21523
17752
28315
5261
12981
2229
5117
11835
16237
28552
27089
31255
12055
29966
28915
24024
22432
16977
28116
3453
22808
750
31273
9780
23817
30490
24293
28795
24584
26343
19045
3461
14729
23236
14059
5087
22008
15683
5454
24403
22277
18976
4080
6157
3647
28286
31215
13564
1508
32371
16032
32123
3063
25543
25913
20017
29588
10745
31949
9525
129
2947
1150
14710
12549
25695
9198
8539
23037
11722
18422
19622
18732
26440
30619
21918
25043
4328
30013
28013
26497
6857
18
26567
27437
28125
18899
10700
3714
29165
29877
48
4474
13534
11675
8345
24110
5938
13962
23112
1773
8658
30045
14844
27275
26890
23226
9491
29435
8405
13636
12275
8736
18011
17682
13224
24801
696
9057
26318
17532
11007
21125
32178
15900
382
2598
5556
26797
7236
5032
28656
26863
5345
19179
16157
5065
25965
5941
3252
20193
5836
28780
31061
24425
9263
17545
23656
6972
14302
20809
1792
12329
9526
17957
11780
30094
17389
17029
16272
31785
4254
1073
10137
20524
13953
23048
18384
8591
26233
12020
9929
18090
8021
16669
6749
19715
19279
22877
29005
3173
22233
5877
24615
28722
9370
9086
13678
27385
691
25378
6389
18507
1350
29963
23180
20683
27193
6172
5086
29829
27191
18399
8602
28545
6904
9663
14289
7319
18115
632
5536
27268
23857
7115
7182
10046
24883
25206
19511
5509
30806
23651
28843
187
32582
30496
30225
17141
18321
24207
14096
29010
25262
11231
16239
8844
7742
186
19066
972
5521
25280
168
12227
31852
27445
14460
31734
1802
7926
16041
12377
4960
690
27001
23840
30630
16214
31599
17106
6674
27337
6444
159
13799
18650
22159
31987
29102
6263
7968
15435
10947
16671
32175
6728
6676
29849
1848
6401
13862
6375
27914
15006
30297
3702
31272
6435
23404
9879
32752
12425
24899
24115
30202
3859
15848
12473
20803
24543
4561
5980
22155
956
28001
2172
27643
11323
20400
2913
11787
11529
655
13359
19363
30587
30663
7190
28032
29803
2978
10698
11482
12355
20653
15923
23876
3415
18619
6501
11731
28792
12077
3026
25986
7109
14449
18366
16085
11205
27337
26356
9917
27315
29774
30904
25276
28185
8756
11260
25161
12961
23887
27095
16246
10791
20438
29746
13008
28690
6248
23749
32391
6117
11852
26690
5327
18961
23293
12751
32133
8974
27878
8890
16150
2217
1898
4712
20125
27040
13351
8847
19275
7020
6524
11173
2316
19038
31304
19865
11879
12269
25333
30912
27046
847
10166
786
312
22598
6156
7574
17235
24637
2959
15899
6366
16787
11243
20777
16269
31031
8233
18487
28494
31349
32048
22558
28388
271
8075
31694
23505
18832
21100
3904
10618
9181
26609
5804
7046
5133
9895
1531
16263
30074
12365
7295
10716
21528
17882
10466
31190
28678
3265
18780
26905
8035
14707
31785
27205
611
17189
5179
6870
15778
1236
26156
3145
11960
28551
16758
10369
20237
12757
2534
13672
14575
30886
1358
15321
737
11582
12667
21950
25910
21623
13926
10101
24031
29517
18606
2169
18050
7328
4166
7998
4300
3126
26475
29788
7431
29440
1498
16624
24303
22686
27711
31807
17601
13860
9200
27805
5270
11807
9947
16270
13295
1491
958
27946
3473
17351
4758
27334
2451
6020
19801
28880
19381
28313
8423
22523
11251
23266
19006
20892
7514
11786
5102
32596
30491
28239
1998
11760
21470
2181
26860
14221
31576
25438
2506
20736
2592
14312
21191
18037
19390
21335
3291
27477
31493
9733
17543
16750
23716
17335
22796
6990
26615
14626
3036
15855
29219
23214
9294
17818
3937
28793
31637
20997
7834
25503
1267
15807
13109
20665
9770
25805
20781
9123
29748
16022
12134
8323
10291
20220
29761
32262
24747
13004
8302
29933
751
19288
7169
26825
20697
19810
6600
3586
1726
14140
17628
12574
5537
29230
27767
832
19879
8984
8709
4079
3275
28248
32126
16409
17875
13038
31730
3672
29571
222
11366
20595
19472
20182
7902
14888
18648
13073
18875
32041
22095
9083
22855
10852
16445
278
7567
14471
11815
29340
2673
21444
17418
21094
32245
23250
15184
13196
16609
11572
2044
16974
30087
11965
24104
947
26850
9300
11185
14447
31201
19957
23089
26378
2819
25080
27949
20799
12836
19862
20624
22691
6807
24233
27480
5767
19828
15027
19088
11038
21555
18210
30846
2019
27002
26322
21533
14645
11316
12500
31950
29508
2275
1134
9802
26161
19767
7778
26843
7537
6623
4979
25036
28275
9887
21542
14365
14978
3235
7622
22908
2028
2835
31914
881
13924
31207
17339
27865
21157
24317
7472
9109
19800
22888
6300
29315
6456
22284
23083
25517
29812
18536
20264
12993
24916
18098
3011
17346
4640
24617
13842
29180
19518
32423
8789
19261
1690
7285
1150
2882
18251
15204
23281
27504
1139
21017
30344
6853
3174
9129
17370
29197
14607
13670
14781
14425
29328
22264
4361
2989
17705
28847
10655
16889
3675
3095
16554
22090
1357
19149
23589
13890
8814
16274
3998
966
10844
23966
32313
7926
24581
29238
15863
3170
8716
23681
56
2938
30574
30616
9087
28999
20325
27356
4726
7001
30860
21644
5170
3841
4932
663
29111
6336
855
11694
5311
32766
9436
27294
951
8959
18523
17885
24331
3860
14897
15714
17315
26894
22837
3258
13998
14840
155
32601
32414
29702
18713
15662
3443
17352
25929
17786
24637
419
7503
3041
30684
22402
11707
27586
20235
28361
3505
26052
29085
14987
24647
23473
6405
12796
5422
16008
29212
3881
31893
25293
28703
26086
21066
28452
20727
9992
1058
6430
14014
25557
14236
9299
31358
26041
21185
22449
7228
28219
3150
23827
29749
13102
18197
16149
2407
27436
15521
31015
12627
32320
15129
19937
23810
12003
31334
22423
14150
20266
19608
1836
30786
22077
11654
1323
4652
27147
30133
10515
6994
12604
13436
31475
6491
359
30053
29495
4560
15750
29909
27842
987
30887
2032
32061
12110
12516
15287
10158
19686
13972
28531
7500
7122
5059
28247
146
26735
2016
19553
24210
28758
27574
2689
21132
18328
4510
17917
1983
9032
30194
30484
3455
11578
21444
738
12680
17675
29136
9347
21650
21089
15280
29051
27941
3188
31567
32085
11439
23246
18080
24715
31444
13135
30096
9894
15109
6515
13369
26534
4180
8920
1368
4260
4998
9466
18689
8118
12138
28737
7057
22291
5994
15423
8421
11128
3168
10546
4041
29130
25515
31441
4531
4092
1153
28741
19122
13619
20358
23925
7585
23848
9374
27014
160
8910
31488
5794
30149
9782
16269
30457
31758
2479
27999
13062
3226
18993
5284
17684
30745
30460
17325
3584
14466
3196
1602
10048
2820
30320
28473
5668
26174
32075
24647
17500
8370
8922
1045
25019
23415
12840
11926
4923
1327
1695
6041
4928
2361
20079
9114
10017
32552
19508
11998
3556
28275
23507
3775
19529
31341
16036
15684
31243
2680
29399
25332
29794
17014
6672
13036
6604
24449
13141
19760
29453
19676
11306
6975
28020
1321
3322
23274
2657
5084
17593
19301
10244
19183
22472
12447
18279
216
30233
8399
29615
27320
15507
20559
11935
26325
9656
20398
1629
19274
28037
28673
14457
3325
27801
16761
1579
21202
11930
24635
7644
18718
18389
875
15848
18783
11812
650
29859
10794
6421
17667
8602
19300
11592
20480
7195
12981
30489
26242
8951
19514
30847
28593
31110
9082
20020
6001
21996
10396
12311
23861
1179
21975
20686
1304
25881
18729
24751
7978
9220
9804
14305
6407
22099
21734
27582
3503
23006
28416
21372
18321
7969
29625
16397
10473
16444
4667
27459
28236
2367
8431
25144
32641
21925
5357
28397
17043
26398
3511
17713
9508
6546
18726
30405
20484
6242
5028
29373
14595
30961
2204
5161
1795
24163
14127
1013
31825
2724
32553
29198
23349
172
14899
27078
30919
7170
1354
17786
29189
16767
15983
1394
14115
3413
2720
3592
24866
8784
30728
4365
1444
32347
4211
9832
31999
30789
28676
22528
20112
19141
13354
9437
14162
20668
22224
16266
32430
22203
18900
3005
3477
9669
26299
7993
31693
11094
1699
18932
1928
25251
22136
26997
11067
25380
15211
2945
17837
14416
23456
9206
2127
26280
7975
23031
8139
16886
15662
12361
19167
30935
10613
3325
21356
31095
30210
25680
7626
5020
32021
2767
16991
31718
26462
29375
25968
5205
25198
22715
16694
7691
7020
9119
5685
14419
21001
31653
30153
20707
6069
23758
6914
26974
3860
10372
17841
22045
16299
31357
19395
23087
20960
17634
21710
17566
18209
30641
29674
29428
611
14176
5058
23806
13518
26307
26859
3536
694
2095
24180
11785
29902
14816
12478
857
2456
20888
10893
2368
31520
23433
14432
1816
3306
117
17918
18261
30249
5908
6738
21516
15409
25782
9592
23730
4399
20777
29976
10535
2840
4573
17139
15858
18143
4166
20923
5583
19435
3970
3112
5223
17352
21820
6728
5726
23069
22992
24855
17042
22750
17327
8271
162
21698
12806
8833
14510
32248
6810
13157
16478
26902
16118
20591
6438
25682
31945
18338
25544
11508
32138
14505
11546
6411
2397
11300
30729
2399
314
13632
10462
14248
17484
20874
13760
13565
1175
31493
16506
11407
20190
8313
32127
16023
18884
30735
3115
1933
28721
24603
9292
10139
19191
16953
15585
24145
28086
11419
4130
3738
15101
5537
8384
16111
13233
32170
9325
27082
21939
25387
30623
12894
19901
15614
32401
20869
141
28412
6027
20218
12102
27853
612
23240
15123
32511
24901
23298
19469
24150
13999
437
24415
6499
1216
32539
167
30808
29106
9233
12960
21275
5540
2251
19199
3481
21917
3015
17818
11869
28622
15615
21199
17249
7447
2403
9508
2340
27597
14982
16939
2044
14267
7832
23209
7086
25446
27796
28150
6460
13974
14522
15527
1790
1553
3392
20075
6900
2218
31557
3891
29531
32122
14342
18326
15742
1902
6740
29811
16079
25090
3142
16856
29750
21323
17707
11554
15273
32571
24514
4710
15357
33
8366
10512
32508
26735
292
13258
29111
4544
20967
26528
16158
23833
2678
20065
14541
18543
6275
10312
16937
32106
17320
4315
29100
15721
31062
27412
23677
20166
5390
22719
16452
20315
30931
16675
32572
4165
2527
10980
8842
24295
26005
27944
22221
24370
25271
31737
5878
23332
13017
21483
31066
11151
14357
18686
21253
7708
25345
15557
9553
31887
11486
32712
2488
6477
530
25128
4071
1307
12505
14209
16915
21032
12343
21012
17296
2126
21297
14630
15776
11925
15420
7843
3721
3577
9462
22535
28394
4461
19988
24190
334
26399
11163
6730
2
18174
8532
32102
32036
634
25465
12649
26877
16778
20405
23724
21137
4340
21068
17071
5747
9673
11157
17337
28638
31278
10673
32703
8194
10082
10871
8327
8092
8445
31150
3854
3785
13686
24447
6182
22300
30696
29481
17507
13294
30486
1527
26424
5365
26028
14960
10590
3865
6088
7117
4725
20354
31160
18864
21998
17654
25606
3090
26408
29538
28849
25469
6361
9654
13758
27004
19376
29174
2287
5457
28729
17294
12499
14565
24576
24551
9983
18949
20985
6455
20378
19402
28191
9117
18975
27737
17500
16493
16222
10957
10921
13257
20676
6514
18038
14449
3293
4148
17740
26075
3351
25431
2225
15495
8393
29288
18764
19597
10611
9075
30025
10872
3144
7798
19967
9814
23785
23830
2256
30992
9588
25233
30545
23544
28605
12276
31403
16033
29659
18574
17986
3827
4071
23204
13716
18302
27904
24678
14691
14351
30098
19746
8214
15489
216
6840
15709
21974
22432
19278
13588
22919
30287
13124
28010
11031
12324
8042
27714
13294
6081
11121
9177
3429
20711
23712
29353
4382
12161
21704
23182
17302
18404
12666
13096
19709
21589
27511
23424
29765
5067
19048
12014
20601
1527
16592
16698
9296
10370
17470
9729
6146
6550
30151
18266
17754
17311
11955
4026
18956
30291
17783
27413
21578
4336
7908
25414
23954
8644
24477
23473
1994
7923
20942
12327
20622
7285
21275
15114
3785
9054
24279
1713
28290
3682
2167
11789
24313
3992
31302
12429
9971
17278
19546
15680
4946
30014
18374
14650
29672
30767
27153
1336
23181
15007
15591
18055
20591
30160
22031
14113
30122
8000
5021
16666
16153
32557
26729
26938
18027
4185
19647
19692
24697
3339
10072
14166
28118
19798
17033
4554
6568
23197
8635
13149
31415
23639
19227
21461
19140
16912
22931
9673
10268
20144
27384
23555
5485
26880
16005
7721
11223
21866
6024
12445
13126
15617
14427
21409
5376
9665
2454
7615
23674
16407
16771
21864
14960
11684
8146
3547
15924
9534
4494
2888
14663
6199
20816
12853
294
15586
22451
1570
870
8788
12295
31592
24579
12648
1354
8295
32246
16134
31572
25056
19973
5028
10321
28320
12255
3084
17012
32351
11624
14176
21994
32743
82
5724
5901
29305
5613
24540
9435
28268
1344
28318
20390
8471
11096
15432
14348
16369
25056
3501
23082
14071
1010
13388
22797
5710
13613
2329
7785
810
7944
1153
8846
12270
6245
6056
28823
8085
27498
10997
15077
14416
11660
26064
5068
26992
24044
9130
7819
26759
15847
14910
19586
18890
6120
29975
31391
30650
26753
27219
794
19972
7611
3238
5986
23461
24746
7842
30295
4177
7492
27445
21177
22806
15475
26483
32224
28733
17512
8597
10926
25713
21299
8514
23747
6947
10128
7438
22511
21036
11268
10561
9197
25780
14377
17369
30798
22355
31814
25042
9395
28535
19235
24996
18751
23046
13852
1806
29516
9540
12147
25618
29277
4598
9963
21313
31060
32712
21650
26424
24550
30956
9694
29547
6219
8452
251
4641
11578
2882
21092
19392
23572
15309
6321
17227
8032
22631
25263
3113
15735
19534
29622
3368
12160
25439
567
5313
29855
8321
17557
670
9578
21313
16438
10841
23453
12474
3801
21383
16910
29624
3626
31477
24803
18461
11667
14641
31234
1411
20054
29260
2505
32034
27097
13023
16384
24308
29248
24140
1291
31256
8513
4678
24420
23669
10548
25492
19785
5535
31850
22545
26290
8446
7872
16888
23430
15149
13684
24670
8718
9888
18743
26880
27050
9098
28291
24383
9667
7933
18478
23657
17664
23891
6208
11578
26813
9166
21250
26787
12473
9595
26711
25545
28430
14172
14159
10065
22631
4037
24570
18907
1133
5383
26490
21452
21122
32588
25180
4177
1714
20930
6441
28577
13030
28412
23351
24194
16475
19605
29637
14094
11603
2582
30023
11959
21259
28441
20223
25993
18412
5295
24781
31407
12805
15872
328
19001
7609
9265
10765
14364
11445
14731
15960
11386
12582
10201
8145
9508
2344
3601
1448
94
20097
16695
18915
25826
11919
5247
8439
27431
32383
27826
28566
27618
24512
8914
13001
6094
2231
31233
11838
15528
1461
11423
21731
23422
1574
21683
8116
29738
2571
13196
18128
10778
938
7336
4307
9810
16771
2004
11360
23219
13447
3733
18429
2685
26245
22727
23588
15379
13541
15492
23446
30718
9112
5447
15859
31029
23631
5713
6280
12955
11755
7244
14696
19914
8245
16943
30910
1807
28624
15713
13409
2741
1644
17697
10665
14215
17211
2341
8578
27280
10153
31617
8894
14373
15432
29131
7856
13862
16905
24957
19446
15232
946
15258
9110
14582
23436
11157
13389
3874
16732
15726
16419
1462
29845
12062
22595
18440
5836
28981
27402
2766
19052
6850
30814
16165
10667
21619
24641
30425
10685
32509
32677
24032
15943
6334
3970
27943
20758
9889
31271
14994
25105
9283
6862
2622
25452
16212
7026
1289
9759
25151
25829
14420
27287
21005
21789
17159
27051
25478
12238
21462
27089
2970
32063
23747
13458
20224
19286
8164
59
21789
1268
31079
8662
8743
21385
2771
7000
15498
16095
11152
23068
16779
32570
17066
14736
11563
13731
28114
7727
22862
32385
6566
15535
30748
4713
28466
24955
3496
26935
15030
19555
11471
4958
12201
29842
31588
15740
11775
18625
16778
4658
27816
16299
2144
28210
11609
19649
3044
6809
23950
3358
1041
384
18640
16573
2379
4301
16435
25578
6141
16207
23332
31990
30593
26635
13665
29231
2112
28624
20041
31759
15642
26898
27990
1972
17416
10741
12264
7568
8703
2215
9284
8290
17944
12787
5596
30821
22511
19987
28369
32455
17736
26566
21174
15708
21241
18851
22167
22164
13572
17837
31289
10667
29187
6951
18084
1823
5577
28330
13791
2407
30534
2164
18427
26082
5547
19715
26962
18958
20687
9187
3601
6394
209
16580
9972
7422
12544
719
21329
425
503
24122
29784
10747
30476
1050
1433
14036
13036
15481
24263
20909
26495
9897
17083
3974
32018
21463
24507
31
13492
28643
9469
15723
18912
27760
4455
3906
22365
25143
24473
30550
867
7328
13101
14696
14079
915
11069
13244
25784
22411
32294
7114
8819
29677
652
29494
6804
2969
18847
18690
6246
5054
11932
6915
13245
20722
32662
27537
24538
14978
9078
24451
24974
10246
24897
30811
28835
32057
11417
16061
2167
18440
7047
28966
11242
1257
26999
2778
8314
32110
11140
14110
25773
29978
6646
1192
26032
6259
4873
27988
14397
25176
15089
1560
22721
27541
23834
27450
14015
22709
29364
15552
3951
23064
29295
16169
23468
29253
19843
29786
21773
30336
15860
16603
22097
32160
18964
28995
6912
12571
8521
13297
8783
13411
13840
23293
14660
5749
14658
31342
28700
430
23191
13998
32490
7649
29288
22331
23936
22696
30905
29086
4754
2039
28022
16545
32281
6903
5629
31677
8950
19729
13277
17106
13272
3912
6365
29211
26463
7117
15425
29280
22402
26573
13640
22893
28718
26510
16121
28356
12591
22714
10527
26767
18260
1787
23187
29912
16590
16071
18617
25340
24794
25214
2125
349
22176
21938
23392
856
23386
12997
24733
887
31672
32442
18385
30183
4227
20293
12203
7980
10882
5924
4288
25363
30106
3250
22993
32744
22328
24250
8529
2538
19444
11145
4130
15100
18542
28231
27040
27293
8572
22151
21728
16922
16264
15900
19257
258
8499
12590
20484
26075
28990
15502
21921
3859
13227
30279
29627
26682
19999
29814
21196
30574
28555
9819
28899
7958
6923
17327
9125
10195
23055
17976
31633
9907
22968
8604
27785
5032
30597
11635
24462
9273
302
30111
4556
15992
11216
25824
25814
6196
1611
32163
1074
22127
27368
5403
1048
16658
13376
17555
23927
24288
14681
1283
27449
3497
21777
10465
19656
27328
31936
10297
20945
8111
10777
29440
21320
26408
7249
15782
7596
24127
13444
31722
20620
30167
29012
32242
22346
6234
19923
25499
24351
22446
1955
23054
28255
14180
4187
22420
254
26418
11821
18859
20052
419
4038
26969
7197
8973
22390
10688
17092
27844
24977
29939
18145
18573
18965
11016
11264
85
30092
5998
25764
32291
8500
20609
907
18508
15966
13660
4660
3558
7444
32238
12447
22398
10750
4433
25172
12302
17287
5718
11430
23081
27195
29285
27193
25977
20595
10884
30658
14443
3381
23221
7694
25129
30294
14213
23878
18633
26081
19938
32113
1987
28349
29997
2106
4777
17545
10128
4083
28690
23243
13458
26587
8408
32586
488
12700
1923
29624
20110
25624
25604
19092
11287
12133
14247
2895
8770
25110
9539
25006
12493
13245
8627
23663
9102
6318
2186
32559
27839
773
26883
11147
31130
13546
7991
9606
13606
2067
3475
14122
11600
20107
2696
14195
3645
12466
22148
30824
26591
11398
11810
24715
29126
6688
19614
13171
16697
22913
29323
19896
9606
3471
17608
22543
7830
2139
6064
13750
8644
19621
31377
12819
8431
18594
5983
12696
1998
11773
15018
27113
9092
2843
6094
25921
10357
2467
7530
21778
19031
30270
28179
30699
6796
30107
20809
5791
8367
2743
12457
23716
24941
21083
30053
4025
18326
6118
23026
27339
9075
10060
1024
8218
13403
95
31407
18072
28801
20301
19712
13969
32528
20074
31881
6545
6266
30000
110
12675
16652
6276
29836
6934
4551
24635
18679
3941
875
13789
1447
26838
28628
4265
30318
28482
15753
17113
21293
12119
27027
11303
14408
24891
25483
30095
855
8818
28663
14935
26655
1794
1239
16973
20928
17877
21626
12624
25647
1118
31382
20497
12775
1408
32664
21019
31196
16299
9785
15633
433
7752
14162
21815
24618
29271
16369
13108
19428
22102
30124
26391
16964
2405
13621
19607
6829
1449
20271
29855
23030
21998
5952
18442
23067
28304
26984
18347
6706
3483
6545
3472
19105
26161
359
29575
27023
6956
8297
738
920
19717
576
4472
27845
16117
24400
12268
1467
22361
11150
19762
24882
32603
1937
13134
23977
9679
18411
16735
1880
26971
1721
1757
22119
11739
29561
9247
7517
8451
21788
5152
15323
29254
29276
17282
27018
16887
21584
6355
11602
2991
5950
21008
21709
4078
15792
23399
32763
261
14794
833
5431
30515
8410
12160
12649
28686
15665
30725
26750
23844
29234
19062
27157
1507
9896
31550
24187
16566
10589
26581
4058
18289
17384
3649
13229
10991
28614
15837
26743
10745
25004
17753
15285
28522
24348
16898
19473
31633
4663
29763
23512
15575
20434
15724
26542
7074
971
10931
5505
32121
14237
12665
4027
872
26419
206
8380
1958
6138
3126
8839
7797
26170
13229
5819
7754
31910
11498
31430
29486
10802
4577
11349
16740
2596
14475
29198
6988
29294
14313
31874
20103
7227
15943
29533
3164
15048
7358
25312
29018
29813
11260
7570
12351
29212
28232
26162
25625
30881
4800
30191
19883
16586
15845
13020
18
337
15194
10910
16553
24376
31977
9575
7721
14429
2759
25897
789
31822
18713
25859
18261
1886
14006
11520
1312
13305
2351
3584
13600
5684
18957
23030
21969
5544
22873
27732
8747
22913
31074
5828
7040
15058
18362
17945
27303
12588
18306
29573
23642
28014
24807
13836
31965
5854
31213
2104
5856
24185
3180
5647
6567
23688
23895
10050
10856
27764
14660
31143
25845
31451
23081
8169
3994
31203
23140
14463
17993
28623
22783
4314
24820
21456
13105
2275
6459
11549
30504
19108
13127
10309
29701
10821
11766
5828
2857
16955
15928
3285
9903
8124
6585
4488
31033
4982
21696
5396
27376
31360
22359
8558
22470
5009
11692
31003
767
13424
14263
6210
25583
29611
31773
19461
12293
6796
8788
21521
17928
29513
22536
17012
24225
18299
9662
3504
9754
8913
30392
2317
9061
11782
22552
14131
4192
13840
13128
10999
1879
13211
1944
27254
10698
26293
26409
2144
9329
23243
15115
26519
13438
26324
4770
23801
4642
32204
590
9081
25682
25444
21834
22133
8651
6392
5845
26180
852
5825
13968
15118
27459
9548
19496
31200
26178
27434
15924
8191
10579
746
20577
26749
12562
11588
23756
12299
26170
29591
15535
19214
27499
20118
9280
501
30763
9533
30166
10185
25898
14347
20558
32517
19914
19563
23725
24745
27358
11379
7942
22922
2738
20176
20127
12780
19021
15105
31055
4946
29682
32196
30250
16533
9965
16846
27489
5172
11404
24767
27491
14571
7787
85
27976
20615
16884
4064
9328
31992
15655
14838
31591
32680
2199
7783
13836
25355
17077
26739
32499
25208
18513
5435
25607
1079
13918
32374
1652
6619
14582
32101
452
6865
19358
14857
20039
3386
20170
31379
8889
28918
5796
1820
6431
24833
22281
30102
6898
24323
4308
29187
22655
32034
25696
22245
20366
23067
27976
10741
9538
9105
2929
20759
22336
4773
15691
5006
2067
5830
28499
15212
27344
8906
25821
27469
4597
20542
7696
31813
9623
19707
24370
30743
17597
18170
15654
936
5639
19050
21298
19891
19347
17919
1542
21949
7712
10636
30714
8012
884
21204
4760
9556
9212
15518
18778
8690
21427
9223
31156
32348
4676
6172
3157
32537
22131
10152
15275
109
10425
8523
9125
22296
20782
6604
32444
10560
7341
11440
13364
21419
32050
11020
7071
12081
2438
11415
6564
19057
8223
14083
31230
27588
12609
28558
10951
28527
29802
2772
15607
22045
3309
28391
20008
6028
25053
15265
16284
3462
11564
11577
24192
2835
1556
3349
24946
29677
27318
9439
24386
26676
3330
26587
8949
22627
26326
18040
272
5507
22890
24613
4627
12702
23531
1893
30275
17527
32102
19494
1708
26744
15848
79
5991
1004
740
27288
12057
12910
10964
7070
22460
25249
1059
6455
27810
31778
11083
21506
2486
8635
5179
6979
6
25562
17147
750
29566
30529
30610
28674
1526
17406
20776
16152
13168
24734
11368
14652
17306
19870
16680
19195
29851
1314
17228
12733
17163
13033
2791
4950
29507
10369
1956
13271
16344
25015
869
15786
20834
11602
30761
20446
25474
19969
32051
18111
15139
10129
3945
29354
20991
19555
14586
12575
23397
32542
23619
7192
1594
31905
9716
17305
8255
8764
27246
9609
32401
17439
29296
22464
20342
18450
31475
6241
14678
22631
27730
14442
27400
17197
3246
5257
336
22951
12689
4146
26021
25597
13521
18158
2615
32048
12472
26614
10032
27475
18273
28672
23866
18425
31077
13657
24898
3306
20408
31284
5500
22810
23757
31042
13224
475
22785
8322
27795
17489
24118
28251
8416
11046
1726
9448
5896
31872
29564
18323
21152
17456
32069
5861
28891
20013
5516
32412
11855
9536
6719
10750
31228
27136
8428
12910
14730
5633
32040
7229
8914
32585
1585
5570
20128
12291
24530
11437
26807
26232
19079
28056
8470
20794
16098
8671
17018
23458
22573
8114
4644
7805
21073
24680
23772
18691
7927
20758
21814
5641
21996
4449
10004
8567
1226
5264
25708
12795
8661
22758
12108
19199
9763
10542
17691
6873
4864
7319
20257
6466
26256
18626
7242
27146
17334
23066
10278
22538
20789
1636
4917
31833
5141
3478
28770
26051
18761
15597
3021
21622
654
10298
3789
24063
2710
3453
9526
3445
21606
5812
2007
21492
31229
28149
4167
23885
3638
22459
14818
7420
17903
18302
13326
10075
15467
8838
27075
11029
22261
9472
8778
7900
3014
7506
8004
30559
4137
29100
23535
31094
12765
9183
20901
31904
24507
18291
26021
12720
9624
7667
25622
16835
8045
19852
11337
22901
10166
26071
29247
29781
17687
9970
14699
31894
6981
16085
27832
4871
25380
28899
14286
4933
11821
23488
1425
10286
30995
20835
18411
1178
20902
30060
27852
5190
5111
5559
9327
14609
701
28977
23774
26731
16119
24810
5816
15626
25299
5996
30514
20702
17359
27212
15196
29512
8222
23038
28838
3975
15181
19437
5794
22387
11814
10955
3595
1645
28117
24870
30983
20630
20041
25149
28841
21055
989
13585
13242
5025
26680
13759
12985
29902
1649
268
7456
5608
12919
15938
21481
3985
12209
15163
25937
4002
10977
3771
30172
11808
2894
13571
15001
3692
24354
23202
26791
8377
26385
18831
15864
6083
1339
11381
1877
26303
4948
7246
18338
23437
25602
11315
25700
10549
29574
26482
31616
30353
2975
30178
17989
17735
24235
23155
11693
17659
24080
9
29664
26306
20442
2187
5882
17625
26534
4662
20750
12951
26302
26424
22891
2208
1925
19322
19230
348
14358
23741
21688
14759
26664
14568
5457
10698
28213
24224
19148
10922
18395
31770
13661
23360
14722
8237
21577
31305
4415
428
24557
2111
4344
20722
9474
17799
17353
18366
9503
24812
17063
27458
8319
27212
11331
13430
27909
23953
21553
4786
15997
23011
27978
31868
17445
22813
13135
671
16236
31613
22479
6525
30713
15263
13898
3237
12527
7852
5014
20648
880
13519
27778
10025
16992
32232
6074
18740
19307
1669
16106
3025
26953
20750
29478
13016
11072
24383
24714
26118
21995
28635
25885
31825
20795
17567
3835
4473
14267
1141
17844
6624
27416
3563
8943
26779
20960
19939
15955
23497
8842
28300
28839
8995
24503
29329
21047
21717
27063
4240
30842
17549
18767
25293
14067
20689
6073
16168
26453
6805
10221
19276
31978
23309
21791
8490
26421
19392
6793
6054
2007
21726
22634
911
16303
30163
27215
1237
22341
7196
29329
13302
18025
23641
32543
17338
7959
16804
27517
27424
8094
10018
9229
11160
12289
20439
11918
18290
20126
12479
7138
31895
12301
8474
18196
22391
5707
25863
1433
12866
8984
18004
11478
13403
10653
12181
4323
26122
17234
32115
24719
11377
11295
31303
676
16833
10690
14312
22636
32173
624
15296
2419
543
18111
12582
15503
8234
29379
5608
25118
2369
10871
5414
29583
8358
5471
1127
19492
292
7532
14054
32501
2817
5408
6957
20025
3631
2290
22245
10177
25794
16372
21741
19141
4519
12211
31145
31459
14226
26463
29085
25701
31800
13868
20026
5571
11199
4343
25847
12904
12402
31533
9380
17081
12986
30441
21755
17748
30025
16476
29817
26005
16793
22642
10348
31583
30869
8882
29516
14361
7062
6759
9550
9462
24976
25341
15159
22138
11406
14253
8046
31034
29531
32349
342
7139
29570
449
14042
23165
16249
5831
23626
20209
32026
12594
9829
27337
26706
11140
6839
7736
28189
17954
8741
28762
29618
8627
10694
27836
7674
14537
17908
2591
11591
7363
2979
28281
16707
31218
5106
13373
6439
9978
24064
5340
9261
17275
769
7308
30279
10737
28817
19272
29969
14553
7495
18200
20740
14102
27534
914
7917
22418
11952
673
9630
8232
1588
4741
13284
14274
874
11547
4793
24510
19780
23647
26554
7319
13927
18479
7131
20929
31106
20818
6745
21716
4063
23992
31728
15341
22072
14851
29263
27473
29643
13383
1993
9812
14256
21518
1869
10106
24683
21408
8344
987
446
16001
7337
24012
31937
22842
13941
10939
15924
13916
27613
4187
14099
7363
23261
7426
17259
8984
32518
24399
29549
9369
25390
8463
27328
29469
7014
18785
18972
27218
6956
10777
22293
18506
15330
15459
22068
28470
1919
4265
19276
29809
7045
30134
5131
8384
14387
6939
4304
17880
20475
13009
20412
3360
11062
22049
28172
9145
29719
12737
9126
26556
16093
15680
11505
31426
25165
419
1770
23978
13408
13137
12661
31126
32569
9004
27632
14903
16985
19201
8206
7499
5142
31010
28387
23395
14153
24401
5179
3562
14664
2272
5168
30307
11284
31767
26364
19186
20691
2774
5899
11294
18048
5755
1365
10197
4321
19206
18410
28080
3001
5500
22222
6265
7744
22921
31496
12523
17104
10856
13302
19896
14049
2824
1763
29905
26423
31079
27867
8673
27738
18754
21182
5658
11079
4593
24468
21813
28261
13197
29984
29620
2746
14163
7864
6763
25951
3917
25172
25406
27953
31023
10212
29484
23754
2175
10983
30093
22704
7160
10809
23703
15819
16945
18988
2855
13341
20858
23771
19391
22957
14086
1211
14538
6596
16720
25971
31272
1116
27063
22254
31718
14806
24939
20142
589
16107
25997
29539
16159
19685
7826
3772
19485
29199
3817
20861
11980
5738
21725
7634
18809
14497
17340
19426
23931
30527
6201
7336
696
14880
19471
20222
14443
4133
19687
2811
29476
5420
6780
6015
19472
29760
4093
3596
13690
23052
23731
216
22674
27542
28643
18208
109
5418
23542
25534
13902
17811
29911
14846
29476
27026
11677
1198
2643
15240
31082
17268
12727
15222
13202
4709
19174
25383
21248
8146
20918
27308
27862
13413
5120
12553
19028
365
5795
7470
5627
10615
19403
2857
25586
14110
32371
6553
6568
30244
5928
27494
30907
25281
7696
12719
20761
9018
7724
4612
7781
16310
19930
15574
5276
3150
8350
18475
24568
31075
9761
8854
7188
15924
23162
12903
18002
4527
19373
29983
12154
25992
14449
13095
12451
22409
3127
7105
10071
19753
23655
23870
31986
27999
19181
3442
15691
27832
29172
30309
150
24488
15601
6987
11401
1821
21220
2486
20670
19290
30171
19211
8793
22787
31671
2610
23274
5236
17458
16786
32405
22359
20513
1341
19824
11382
24055
15719
25644
32205
12171
25885
20472
26852
23835
8500
6562
11612
22928
17279
3071
27079
3075
3653
14734
6845
8833
19441
1368
4140
523
3852
13082
19695
30689
11881
17062
1186
4097
20895
6791
11189
13546
8636
17892
19904
31909
29240
18855
7702
18182
30248
21725
30365
4400
21940
20576
14557
8791
14283
4532
17750
30154
5142
13616
32023
1584
24874
25438
396
24081
29441
1444
9880
4505
7595
11811
19171
1433
28737
14047
2678
10191
7195
23584
32645
31847
23618
22041
1419
9409
28968
13768
12957
17269
1175
2333
31479
24981
2536
2654
13020
14642
28277
24266
25245
2337
11857
10365
8439
22014
8502
28563
26529
15474
5054
9872
5670
14514
214
19968
5873
1864
32624
31578
23206
790
14457
18218
7609
9368
30987
26223
11321
1641
13539
29506
6124
4873
3349
10425
5281
16349
12030
5643
28354
31095
8059
3317
20521
9496
18008
20316
18228
23411
19980
16435
17436
16564
11171
7071
130
7617
25339
31321
1355
7872
23347
9301
17070
23257
22369
30369
28299
2365
26499
24719
7423
1895
26041
15382
18229
5282
21425
1398
13439
26315
11362
13851
31141
31832
32253
18116
637
20377
24608
7396
22971
20286
6733
26440
8971
16410
3740
11771
31581
27686
15532
6503
13184
17097
28895
13500
6387
20054
29639
12182
16632
8919
19931
25306
2537
10761
29551
7392
18127
28839
27875
30936
18737
22763
20250
17766
15658
22099
6189
16016
3006
5793
17505
7898
14190
15397
12119
19375
26378
3390
5507
8451
4807
15647
18911
8247
1938
12751
29665
1597
13475
27507
27050
3324
30548
28880
31360
23542
22836
25868
15742
27688
29783
10932
14474
25393
29169
14340
29576
10679
22307
98
19405
16647
5141
5931
7127
7163
2373
28594
2875
32545
30495
24198
6878
11289
3021
16372
16744
23615
848
26573
11254
20107
3536
15978
30480
27829
28720
12012
29658
19356
4838
19144
19854
2792
29450
18052
9001
22510
10668
13243
26981
6101
32107
7271
10472
31991
12867
25440
27835
2954
2983
3615
29949
20864
13520
23496
473
21931
852
19816
19125
549
18426
890
30124
3567
8653
5297
9023
10712
1903
16881
25159
29857
31408
11166
8238
31326
6751
27674
26975
17183
1633
15241
3579
13520
18943
216
32462
19550
16516
29693
30337
29212
10248
13696
17169
28004
22151
32570
17280
15233
17718
21085
28106
19916
26134
18100
28954
29462
30665
24364
18494
28742
19365
1940
20568
3139
12807
8097
14295
4885
233
14133
22950
5191
26807
24544
22691
24719
2911
14248
3923
2737
2472
4357
10196
28576
31428
23600
28691
2534
552
13725
15935
5191
30619
15814
31101
16289
21901
7723
6877
23
25003
24471
14988
13678
17328
30116
32076
12983
32382
9089
30242
26927
32621
7667
20558
14947
14307
3738
21888
13720
29989
23670
9289
17513
27244
23978
10960
2738
8508
22143
14790
32173
17393
27051
17308
30299
30363
24020
7155
17190
12811
23632
19284
31940
21806
3375
19233
8798
24730
13435
15819
16626
4199
13502
30534
10742
18496
6853
27066
32062
1465
5796
19068
2591
19683
1530
828
19413
17183
29558
17280
1314
27695
12186
18001
16184
15763
26303
8243
12249
31762
22618
10587
19133
6039
4989
22557
564
31038
23713
8100
31500
30639
8354
9957
14261
26027
6411
27605
32419
28388
1428
9946
32756
14098
7913
640
32339
28483
9901
31598
32540
21874
14527
31896
17856
21084
16828
2998
7788
10639
16069
6644
15333
28612
10882
19691
11447
15214
15206
21456
11150
17299
22325
7403
20196
24795
24516
32587
23516
9447
15617
11449
16494
31715
18482
32746
30917
3167
31874
31481
25573
18778
4281
2580
19345
27296
24139
24181
9068
16215
14740
30099
17246
3796
8034
8346
8505
31667
23476
8217
19869
7462
3521
10235
14361
17037
11580
24505
32402
5447
29911
13006
19433
3272
22022
1386
2520
26860
23045
8554
27165
9867
5148
28552
2779
8782
2338
20687
14909
24001
12352
11347
7516
6825
28919
1310
15971
16535
16996
11373
17905
16573
20419
25629
25534
27649
17971
1376
10882
28496
12216
32692
25362
27189
32646
17430
6860
21418
13181
28786
28982
8494
12016
20319
26850
25623
12970
9
16277
20778
5683
23150
4519
26217
9807
25550
19629
9004
19656
26460
13654
1651
25965
1850
1171
18299
25691
22948
24571
31887
12667
26220
12653
9249
23884
6310
8695
17433
4835
30884
15350
4973
27440
16933
30847
25074
1410
10953
15358
12914
2381
27848
1565
15102
29996
27108
22760
16261
24354
31388
6958
31398
2597
15779
31274
2243
29917
31632
3682
2391
17833
29399
18384
27273
14307
8184
25920
4865
28261
22006
31481
24058
20299
15115
19615
7576
19707
32154
32344
6012
16483
21861
24878
12183
14466
9472
24245
13627
25386
20358
18413
1656
29444
5770
2921
32165
9940
5200
5809
23869
22014
9789
26342
11757
9802
23437
3236
17130
20196
15428
10028
22664
3239
31847
6851
265
11162
28523
1621
21426
18875
20462
15454
4645
14076
12197
17163
14314
5772
9110
8092
10319
9559
135
28940
28274
18896
15286
7668
17308
20718
17354
6573
20432
31860
26122
1204
22692
18038
5069
11347
21072
32281
7217
11646
1797
8602
11792
16124
18560
6546
13872
26311
24542
14712
28090
7860
12210
10599
11502
11350
15445
7457
22036
12320
3709
31829
27830
12235
9233
24605
11532
8183
25404
2507
14264
12565
17345
14053
9652
25476
8846
30318
6280
9978
29587
25447
6848
2342
17876
26774
25757
14228
19901
29062
22795
22736
27062
11471
20179
206
21752
17303
31250
17545
31903
10841
2538
12523
11008
28390
20087
10477
32060
10153
31492
28415
22294
26670
22655
23978
18689
24294
31787
4980
7293
36
22165
5636
31396
25196
11977
12422
24832
12269
24005
4433
22688
20812
24110
27335
9067
13731
1090
7037
21428
23498
29198
8605
526
213
7137
23944
5473
6109
28928
26559
20797
28420
31899
32259
7791
9651
4864
19387
16850
22566
24335
4503
30056
9259
25582
28787
6057
27430
18174
23422
25883
30041
30221
30107
28707
23138
32205
24071
19227
21253
9348
12348
6308
22572
7430
15126
30270
13100
26081
13109
29974
25418
10455
25762
5406
31870
11921
10165
30307
25463
14993
7478
13468
2782
25449
30146
8446
5599
15146
18544
20056
998
23584
15541
9051
18854
11708
2949
26425
31584
30162
7099
31859
27746
2565
15803
15851
26574
13695
19030
12865
26268
9957
10478
2396
26338
31369
218
6215
18515
13538
6667
18239
20998
16698
12528
9738
17786
18599
16792
6794
8918
30012
3607
23953
629
30080
25642
14839
10145
21535
26142
16874
12447
30688
23277
28294
2029
24535
18859
23973
31431
28636
25632
8697
6383
24892
1207
22872
16814
11182
17303
32086
534
31368
26383
8729
10379
562
13111
5993
12674
18907
23764
8199
29063
15724
9085
13120
8325
7098
22268
31937
10818
5376
19447
3757
26665
11660
976
31213
10316
14520
3017
16584
9641
28
22380
22451
21932
27394
6698
10346
12022
14874
25666
19263
19805
11120
1764
27314
5940
6810
918
1347
18380
28982
2776
388
826
31636
19971
18546
22363
30127
10359
23045
19990
25698
25589
4102
29921
3800
7242
801
32135
11333
1582
17979
23592
6611
7531
27654
1665
11488
32322
2770
14445
30054
28170
12966
25004
1210
22298
2447
8420
3194
15337
568
28645
27072
25972
24763
25905
28828
20704
439
11964
3010
8289
6051
10736
1151
4954
21089
15604
1778
18886
9494
21806
13944
22230
7738
12039
26216
26331
1515
19182
19201
31847
13959
13215
13984
2223
25465
31141
14134
25396
16979
2077
10234
25763
18974
14014
2907
10489
31981
15638
16697
15594
28601
27414
27988
14980
1128
19153
8709
6416
2607
3969
9004
13369
14362
30155
21865
20080
13801
31044
11663
4750
10014
819
13397
22715
27732
30361
29263
12943
3794
15726
22557
632
2656
15150
30435
8796
26970
18580
7417
23935
26370
7333
10979
16806
3098
18161
13443
2941
31155
7958
17037
12854
22080
19845
18492
22131
4334
20873
8515
6246
28472
10373
11271
6454
6325
31357
21515
11173
5429
28631
8363
30705
28941
5219
7182
5879
31663
27546
9814
26782
21630
6691
2329
10611
14816
18588
24341
2961
20116
9110
9247
22212
18758
7393
349
21486
16992
21003
10677
1961
5156
15395
23173
45
248
3266
21653
14965
5120
23629
24906
25245
28658
3444
14364
29583
38
2558
22601
31198
16365
15561
10955
32242
3108
27916
136
22886
13065
24288
16586
31662
13901
23807
23534
25085
29546
4043
22112
18021
9782
17810
32711
19009
31160
4112
10876
8144
6971
23349
30529
30498
930
24873
2352
12856
27387
8078
13809
9319
6743
12805
1584
24829
4056
13811
6734
23847
10507
7045
18263
26898
18296
2033
53
17489
9080
11519
24355
20863
16711
14793
25444
11557
15450
18622
14132
11229
23795
28397
4607
952
11250
20609
2769
9438
30958
24199
28430
1396
1668
8696
29027
25795
20719
14323
17660
18838
8921
25418
30967
16355
27761
22336
10265
6574
4286
8081
20672
14123
7475
18867
26905
6691
8067
13148
915
18584
3511
8772
6036
17068
29821
2348
17002
4031
24515
7711
5252
9944
12676
9720
16098
13894
23266
6436
13514
3719
11126
1449
5565
13416
10980
21095
29609
24174
12466
18334
18784
24949
11866
177
13641
20631
24477
11050
19541
21583
21787
14077
6453
31966
3361
23569
7115
5102
3778
6396
23774
12662
15145
3855
27153
6109
18733
24466
19990
7010
7974
28240
22815
6331
32511
11607
19861
16124
14477
22009
17677
12475
22047
13078
24952
16498
30551
24734
7833
19492
20024
9297
22461
31812
29311
17353
21926
27090
32567
31675
30920
28615
11912
31866
21432
11187
26576
4028
18913
29093
29685
19361
1657
14155
19449
30449
24499
14938
13774
677
31286
26160
9068
15530
16591
15545
2082
8161
1122
18063
6185
25962
22567
20069
9855
15138
32274
27557
5362
17258
30611
8280
2683
16939
3712
3655
25550
6935
27216
1887
4655
1329
1417
32090
23687
6031
6011
5276
14007
4958
17967
24155
9004
3880
13467
32259
21172
26450
16663
15833
30352
6121
2069
22238
30922
25502
32524
28662
3785
27662
15285
6217
23074
8007
15226
16618
2993
7816
16172
31159
15593
585
3828
30080
29544
8059
14988
6507
718
12817
10670
7062
16592
4287
4301
29951
16264
19970
7684
10913
527
27232
29260
12768
24398
31729
15089
29735
1809
28446
32583
13776
23901
17577
30361
25668
8196
28910
31330
3939
2678
16488
26815
4646
27610
25974
2853
11906
25438
4959
21839
8336
14027
19092
4219
27884
30556
14902
18134
28251
26832
23256
821
26288
24254
9862
14597
5872
1065
4614
26757
8884
16724
11101
21299
17103
13271
406
21635
2865
27891
14782
13015
18443
27171
30003
31916
13876
31731
27935
17937
6860
3861
26431
23134
32287
2994
26601
13858
3531
16126
17741
23901
27174
783
32763
25072
25306
6383
1189
11857
26322
26864
15142
26755
11098
7487
1732
326
20097
19132
7090
17291
30914
7177
19929
30762
16868
13025
15577
29143
23839
13228
330
5459
20608
12112
16199
12767
15247
24393
16941
15862
28974
26620
1440
19515
26820
5448
20431
19633
19099
17759
16633
28202
7047
30164
31793
13314
19401
9973
19806
5132
11570
2394
28805
12493
5260
10686
24139
1000
10805
3854
16821
3290
11789
32448
31539
22503
12946
23398
21725
29012
4938
20867
19452
6359
10850
18077
5068
18764
2452
16019
13696
26793
14926
11057
29063
13364
18704
23042
17934
15604
8213
29797
16070
2149
30007
17891
29159
10608
20237
15552
20085
26009
25942
22736
8130
14971
24730
31884
27188
22385
15630
21605
1352
24471
21689
18521
5847
2033
21717
11203
21400
26089
8824
8055
10471
511
29299
23054
13252
700
6266
19071
10527
999
20870
18672
4947
28156
3448
18891
2288
25050
31743
18195
16573
3260
24763
21497
9981
30826
29347
3754
22514
11185
19108
25708
9120
12048
9610
23529
32467
18868
32036
22986
1379
2727
15523
5000
29111
29252
5188
9343
11656
20462
12335
31045
24551
10241
22174
1337
7298
13833
12609
30303
6179
24370
17890
23403
1657
10496
25157
28699
1307
2112
32594
970
14282
7231
24437
11843
31222
10809
27718
18131
18820
27924
5989
20898
20175
3406
17064
22338
9709
21813
29561
23177
19763
30038
21881
24732
23803
27959
20586
16205
27812
27721
13643
9639
18651
16152
18116
4806
24345
7365
8389
12013
621
26806
17259
15058
28028
15500
17699
2364
9670
20053
28689
14032
9259
1795
20147
5160
26285
23838
27585
30246
20343
18357
18776
24712
29983
23962
21336
16060
18472
29903
20747
7925
12747
22075
6663
9086
4086
22945
4693
7759
12950
32211
12754
2782
15890
20771
6870
23095
5911
15899
1044
17743
15259
4206
31169
6549
11548
17965
14841
13259
20521
318
12382
7444
25892
11531
21762
32334
32326
11383
29319
23969
5859
9238
6020
23128
12272
13469
14123
23280
5570
14743
15657
24943
13080
24666
6350
31224
5468
11066
878
30619
1574
13564
1543
29553
24066
18574
547
16873
29811
8437
16896
21085
20792
25990
21487
11497
717
13913
13562
636
15925
23803
3785
815
11255
30051
3271
28374
1639
8999
3200
5077
27942
9968
11597
12342
4588
26668
820
26872
8837
18178
28938
19369
5146
19083
28122
3639
13234
32575
14731
259
8184
6573
17596
26423
4159
12656
20467
10586
3267
10334
1527
5665
31794
4610
5498
9608
10859
12109
3579
29218
11397
21128
1003
23725
17939
16269
16399
3562
13222
23607
32293
19116
32404
17687
32458
20014
15864
6760
28827
7849
26874
6469
29851
4134
7761
21786
16853
27025
1286
9561
11330
24592
10874
7022
4844
23699
426
5364
31060
16299
26546
15913
20497
6047
20880
6303
12475
31933
1835
23093
4359
2030
3988
14406
12595
6029
12939
29472
18853
22137
13125
13752
15311
14697
10348
7580
19029
26240
5480
32552
7282
15138
10461
14845
4248
25605
17524
12719
8790
15243
12767
16062
26495
25167
10519
11208
26761
17917
3048
4860
22579
2664
31408
12242
28266
2262
9828
30969
27246
22942
979
5777
49
7158
17455
2203
13568
28678
14025
4526
28516
22337
30748
14827
15947
28404
4621
32307
7011
14623
29041
32663
11463
26501
21712
18191
18909
23807
6248
29039
18302
22805
885
22424
20312
463
31408
1771
18065
16329
15382
7684
1965
8326
2026
24996
29618
13062
23293
7662
7818
4763
7725
10199
6824
5112
28460
4824
10223
18571
26243
28389
18895
19469
32470
8867
2225
4183
361
13782
25237
7031
7139
8216
12025
27651
850
28625
31229
30637
18544
23907
6854
30744
16677
7845
2336
31210
11084
3731
13927
25123
27834
32068
28071
23981
5244
15388
32514
28467
353
14914
14930
3895
20921
17748
32016
4703
91
16986
22389
18960
21229
29433
3294
4926
32095
6890
29557
18307
7865
6570
30478
17518
31511
19570
17231
32029
5873
19561
22804
18958
6048
23833
4881
27442
3358
7967
23994
28739
2318
23335
9823
31576
9980
31000
17820
4535
27109
30604
26864
28394
4858
30595
16300
3605
21921
12376
28431
23942
3261
24564
4527
20622
21807
2881
17946
17295
12701
8929
4286
26199
7025
24609
5382
8364
9509
28200
27078
9512
4543
13173
3289
9800
1431
20360
14857
25023
13408
8414
10542
30224
12390
26403
30618
13915
16149
21924
16565
28791
22203
10755
10725
22850
10639
6958
26033
4917
25073
13457
29221
828
29683
29067
5752
26564
10265
11551
25580
26133
17245
14829
15862
482
28790
13920
11679
13086
20058
28968
1066
3602
18434
29163
4343
12717
6509
31287
28327
28699
9703
4796
11137
26009
907
30904
20756
29063
24583
32690
3870
17854
8863
15211
3501
37
28533
1554
10884
639
28679
14007
9664
31879
1273
7170
444
23615
17685
3877
6705
6277
28048
13071
13986
2535
10126
13282
7159
17848
18153
6824
24936
12131
26158
2370
3228
13312
1001
29344
14610
25637
1315
9016
20161
24575
16680
11696
3067
18849
31374
4062
26263
12699
26994
9203
2127
12751
15109
12787
27239
10880
10824
13673
21648
21932
5651
11096
17163
9372
14428
31860
30737
7097
25270
22418
15475
8353
25624
4190
4990
28282
31712
22092
26145
9351
32279
22481
26962
8952
3319
9682
17325
10759
2986
27485
13918
28480
11861
19863
19778
7456
19285
2037
23113
28898
20937
6319
16415
27286
2384
4466
20491
17267
32532
24662
16151
7790
17415
9487
30321
9996
24684
26215
17169
4724
8346
15340
10396
14024
7932
16357
23432
11445
12125
23947
9858
12105
3938
20342
16140
11781
88
25174
19819
17716
11824
20451
11200
4219
1992
17943
8309
2992
27757
28314
6106
30191
21149
2686
8464
27371
19473
30252
12839
9859
2811
10654
30595
9878
19596
2255
12932
7959
19641
6256
27494
29796
10047
27357
31333
12243
18916
22863
11301
8846
23552
23891
1362
10914
16189
7803
27011
20050
3483
2131
10597
8625
14519
31894
15381
10864
11852
30114
10189
13812
9722
11562
24003
21931
31814
6955
3406
30113
16099
24865
12875
16718
20016
30074
25279
19123
14337
9035
8126
10149
12194
12866
11659
31080
18201
19164
14080
4735
19884
27351
16432
11971
30627
32235
11340
29107
13135
28341
23235
7947
20299
17396
8109
16792
22018
7671
7018
13386
17009
10326
13702
16779
29231
21473
16096
19663
30890
27862
32524
14956
14259
24919
12533
2477
24893
19482
12999
21793
18017
5987
27916
11577
6054
19503
13589
274
31360
25010
11931
2448
6166
8452
28838
27308
2376
28952
29102
32527
17393
7917
32512
479
28009
30216
17252
2777
13903
15649
8445
4256
9093
27421
25200
25940
26747
10300
1865
24935
14001
28564
12186
12460
9847
25790
27364
30129
7416
12751
28219
14159
21366
393
30118
19583
25559
27091
21701
14959
32353
23143
31414
14550
11458
25547
27960
20612
18003
27266
32529
18493
31133
6787
17838
21447
3869
12010
4618
14658
18756
25070
28881
24760
1474
6419
30148
501
1028
8608
22111
25753
29947
4436
6073
26219
14368
8021
21421
15344
27061
2409
22839
7997
9805
22888
11296
24841
10126
7922
10206
4102
7734
29021
18870
10866
27996
19953
26147
3560
11001
9816
19835
6525
2470
13136
9168
13832
4007
24483
28692
14529
16169
24409
9857
21518
5064
18220
12856
2713
31060
14396
16937
22694
8149
29700
23858
1956
20684
27789
395
24577
10684
9441
21345
11587
24553
30147
7873
18517
29024
2717
12472
7198
26423
10938
19385
22616
3350
8885
15166
18080
16887
25138
19122
30153
17961
8651
9103
12150
10907
9550
22212
27624
17751
28197
5465
14356
20301
29205
23637
16889
3922
10796
6112
32560
13928
3572
421
8645
20800
20205
15994
20293
29437
26682
32579
19992
32059
22171
10515
7441
10576
3227
18581
10564
14033
30475
21675
5656
25433
9646
1108
19357
3973
27702
15315
16159
13635
3951
21774
10747
4941
21179
18228
8881
12784
31166
29090
19515
9490
4698
3592
3997
12147
6878
3527
5054
11059
22650
26270
26486
23445
29175
4742
4584
3074
8868
18138
32018
8273
6548
9915
28322
31301
22790
29875
779
22615
10789
1944
24281
4534
30962
1716
2625
21389
11390
12578
11005
17284
20316
13435
4183
11145
7254
22195
17795
4816
17247
30525
7729
26648
31433
11126
29027
8497
12472
31296
30332
29627
28887
31469
30874
2864
21065
23392
21542
24613
483
4462
29354
5324
15512
15242
14562
31422
20020
29858
6933
9719
26702
8004
19365
12578
25975
27653
14310
5912
19640
7971
18220
17827
10556
22889
4136
19847
2633
26707
30836
21443
16245
24947
29292
10260
9494
3347
19776
9403
5370
25628
19271
15232
20312
9527
29334
21495
28679
17713
19410
24322
17390
16036
834
17303
4796
1236
8232
2243
12505
7639
18002
24815
28060
10233
13804
31331
12734
20062
32152
14600
25102
28905
4801
15730
23143
861
17451
23837
5343
26562
15055
28663
20802
18443
31975
5919
20671
13045
10053
24813
31200
50
20712
28210
30912
16327
19665
31937
12152
14515
15891
31534
2778
15057
12842
2517
3938
18431
13709
3358
12905
22656
5767
13568
21404
16031
19010
7620
27309
28053
10277
28172
15688
10157
28511
5651
12617
22438
19140
5174
3884
6489
18137
25268
18628
13724
28202
29362
6192
5477
32740
22658
2828
28723
29855
3364
19940
14761
17788
26893
19438
4732
10608
15400
30456
16528
15583
10011
19359
29278
18285
6603
26050
20889
5137
6946
14646
10513
3947
15888
17083
8663
8279
26575
17711
23458
28354
19308
26370
25713
3260
16003
17386
21362
13775
19274
18136
2851
6287
9168
24618
26295
24179
23175
27682
22203
26083
1025
23959
12537
25234
9719
234
14237
22542
6031
27452
7062
8854
14046
27102
32319
555
6060
1545
13887
23529
3960
28880
23470
9624
17084
27474
24441
12159
6003
32564
12807
16504
12503
6991
15644
14410
22639
26789
13566
11314
30793
27546
1239
12739
2693
17761
23131
19441
8723
10676
5290
11880
28860
23752
6776
19234
28263
19840
23403
24120
1429
8161
196
27640
26927
15302
4418
25913
30593
13268
3139
26091
20102
6321
16429
16882
30054
3185
24588
21557
16189
10833
7293
17393
19230
5800
17354
13396
17752
19226
11606
4679
19959
29455
29756
29835
10382
27747
17715
16903
6452
16480
17333
4704
4813
10473
19040
31947
6795
30199
2716
18719
1204
26442
20350
14127
28325
20056
26604
20566
6679
3210
31746
30547
3489
16807
20917
10839
7806
16016
17590
11101
18321
4143
30105
698
29094
13994
29751
4085
4347
23772
26961
7384
15359
9221
886
9927
8025
22464
11046
21073
29484
7734
16951
15621
21913
30866
29304
8583
11910
10165
20373
483
158
18730
20538
19488
19353
16476
25211
11545
25534
16390
8052
1416
25254
2028
25132
13668
5442
10953
17856
12653
2848
28808
20157
5893
10985
10422
17357
12865
28719
312
31126
10816
13925
13625
5599
18363
13615
10343
3572
2526
4573
16991
25676
32086
10801
7781
26986
2476
31849
25433
1025
10449
20601
22502
17499
15610
1689
1789
18171
30893
12031
2178
10882
3356
20206